9735
8604
5813
8887
54534
1937
10762
10347
22977
509
4436
9554
4719
9538
10906
56904
1654
124454
79877
29093
5315
3895
10540
4729
506
5230
10972
3043
6233
9588
2590
55847
10456
23020
55735
23256
9184
4744
2244
3930
647042
10916
65080
8078
65993
53407
64318
3320
11070
51504
10985
285331
917
84524
388662
1152
22872
56886
11231
83443
8813
51073
55379
3276
10273
3053
10651
5825
51361
123169
158158
103
51663
6232
29074
3842
6541
51747
983
10146
645369
6311
51463
64210
9500
493856
9675
137492
51575
11140
6184
6773
9790
25814
23223
7037
790
51537
23788
5704
5955
9131
6834
6712
682
720
11190
10197
5250
10625
10262
55840
7329
9295
8878
10236
64757
9709
1660
7159
55133
5663
11059
293
60
23118
27336
51065
6734
120892
5814
5610
375
139285
5682
10455
400
3608
3105
27248
4728
5702
9646
7112
55299
29959
55161
2665
129685
10476
196383
1655
728047
8239
10989
440193
57674
1191
400506
84861
3326
55638
54460
55210
6280
5824
7879
84295
1982
9328
4713
667
5591
26064
4763
6418
8766
29803
84950
286451
9967
6136
2243
84545
6185
51650
5036
5981
26156
57510
224
6566
11160
26088
5500
10730
6780
10490
8635
10436
65005
10806
153443
84952
4000
2335
7514
115098
3315
23350
57003
9531
523
7355
9318
1915
4811
55157
26521
2801
54939
6150
59
64343
9868
10574
89941
521
64848
55660
79711
1639
1312
2547
26227
55052
56829
9662
7466
203068
8165
84896
56052
84920
10424
6709
55132
1666
8879
10999
57805
92579
60386
5700
1717
7095
2475
3615
2519
84303
4793
22950
7818
515
6201
4926
84717
23392
165324
4520
10492
23165
6187
10594
25972
54732
9524
6631
292
9652
476
23077
2638
51373
54499
10241
2483
2010
4508
64419
22916
57182
54927
23133
50809
5496
54518
23731
8546
2539
116541
25813
5937
124540
23516
56945
119559
23076
10541
55288
10614
10257
55015
23142
545
11102
10514
7419
3716
113251
10956
51116
54888
113174
51337
23286
79139
339230
10101
7265
3609
84284
201595
11117
8884
9319
55832
662
56926
79784
114971
10142
9782
151903
55326
30968
51009
10605
11177
26973
8799
79050
10245
2533
10113
10694
5725
1933
57650
3028
55037
1537
4172
10015
10495
148223
23039
4715
23463
6745
83985
79269
3183
64978
10469
139341
51574
84129
9321
84790
22984
339487
10939
4714
483
6628
54439
6629
908
4723
10558
4686
23211
8575
23560
55922
55559
65991
8729
128308
6128
51154
54929
64969
54487
259282
3309
79065
23085
8402
55486
55005
5108
5861
90231
170506
3912
988
23420
26958
5211
10318
54919
10643
9551
9919
64327
22803
201562
2194
1499
6182
23770
1303
9188
11198
162427
6227
30836
9086
9801
29777
10447
11260
3839
800
23468
51433
7388
51253
7726
23411
5094
24
23321
3703
22827
132320
10419
23345
79632
50649
79143
4725
2130
85403
23244
705
440026
51552
11137
816
125228
3329
2956
8550
7416
22824
51069
84319
10575
79577
79147
378
63932
154467
8125
27238
9761
8554
23019
10923
55075
54555
90522
55342
84720
80011
9894
9820
1665
23435
11261
6786
23197
9526
79009
10084
10311
55858
64975
55216
55750
58477
10280
4236
6427
154796
4676
9183
4673
51026
10527
23253
6732
135295
10644
2023
5635
23741
10075
5708
169714
54344
1340
23376
5894
56993
56897
154807
22955
4711
6576
94081
79169
740
51144
51024
4722
23367
3301
3312
55127
10165
11151
27292
26517
10632
93323
55720
91543
1603
4440
6774
26986
23225
55972
2804
23095
513
84305
26993
10693
10376
338
7507
84124
10525
811
6836
64965
11222
26354
550
54801
6520
2332
55677
4832
51495
8568
4716
84617
55920
3827
23195
84522
7417
8504
6687
10550
10291
9416
2316
1347
5709
51706
2923
221927
9716
57488
29088
9791
22948
57222
51010
10716
84154
55223
3838
9129
6125
5111
490
23065
6747
64434
4580
22837
5116
10576
2108
821
57129
9733
7203
4141
11103
11331
10055
7917
7919
847
7520
4285
23259
57038
1650
9789
5162
64432
81027
4792
9208
54623
55215
4705
25844
80254
1209
1677
148867
9276
23480
51122
1468
84188
65008
487
79649
3030
10452
94005
90480
7153
90550
9145
54148
55109
10884
6210
4343
1434
5707
23196
871
7532
2531
5358
11100
55794
5935
6152
51366
54930
5936
5447
79888
25949
29927
79370
1778
54982
5706
79861
6513
3107
51642
23016
72
7337
8732
65095
79188
54550
3837
81502
5202
9595
335
8467
5018
1314
291
64897
4627
118980
24139
51100
22907
5721
3308
7277
79869
54332
28969
114790
25979
4363
79751
653583
5982
9218
6950
55898
92140
9181
10667
9898
55850
56899
6400
51081
55421
55177
4522
10982
55695
51079
8795
139741
5245
23028
6626
56889
51503
267
6625
10294
10383
60488
9349
7150
51018
5426
10399
10134
219988
337867
7431
84656
617
8312
6230
23066
6510
23125
10573
54726
488
6217
813
78992
137964
219927
4513
8140
23534
84803
2926
6727
5686
146542
23224
347734
54539
221092
7385
79109
57862
5705
1678
64949
2135
10423
22847
3106
1355
2639
539
4720
80742
10749
9814
9031
26589
6748
9406
64983
71
11253
829
9618
22820
3856
5690
92609
55333
26292
83743
81892
2914
57696
79590
10857
11180
4869
79958
23107
8886
8607
9382
126208
25831
23344
10890
79576
329
51170
1329
3303
9688
6509
90957
4001
55697
10067
57130
85364
54892
9774
55669
63979
4698
51571
1500
8812
5984
5442
80856
10994
7110
51808
8802
2040
3185
3305
28976
26953
3039
3190
1616
55763
9076
904
1025
4599
95
229
4155
9848
23164
654790
25769
7846
54812
1457
2549
7535
952
8452
8739
3428
3932
55655
9141
5340
5366
5581
6494
7124
3604
8743
7161
819
3146
8850
348
10226
4691
54464
4074
5879
5054
9826
570
1193
2157
3263
9670
4900
22902
55234
7111
146
8907
3661
30835
3921
325
6993
57062
381
10130
64714
716
722
6934
2147
207
3162
30817
125
197
10840
501
259
327
336
350
563
593
622
712
9973
929
1066
80781
1508
51596
55862
957
2184
2271
2877
3240
3249
51599
4129
84954
4502
130916
64761
5106
5310
5660
5950
5649
6303
10572
79783
7018
79896
302
405
966
55166
150684
83939
4085
64710
143471
6134
6277
348235
2932
4790
4843
404734
1072
1111
54769
2597
2821
64960
92106
5339
5052
6135
6137
9045
6139
6141
6142
6143
6144
6147
6154
6157
6160
25873
6129
6207
6208
6209
6222
6228
6229
6189
6191
6193
6194
6202
23387
79809
7280
7097
10333
7099
1195
8161
57576
9253
64135
9641
57506
29110
7072
7073
1122
5393
4153
9063
857
22931
6895
1973
3576
7082
23352
5970
22993
9943
5037
56900
10140
10099
22891
8992
10945
5578146
5567547
5571466
16150
5565400
23601
5569681
529
5570675
23543
23687683
5563589
5573966
5573968
5573231
5569581
5569167
5564249
5576975
5565824
5564078
5579024
5578234
5577983
5577813
5577257
5576273
5580241
5575931
5575846
5575714
5575632
5575528
5575410
5575032
5574752
5574220
5573478
5572966
5572772
5572762
5572730
5572732
5572534
5571947
5571928
5571911
5571906
5571793
5571703
5571542
5571541
5571452
5570670
5570602
5570429
5570237
5570148
5569936
5569718
5569684
5579978
5569486
5569091
5568652
5568380
5568302
5567391
5567371
5567335
5567291
5579854
5579810
5566081
5566055
5566065
5565667
5564972
5564784
5564547
5564391
5564039
5563984
5578854
5578763
5578116
5577244
5580284
5580266
5576121
5575752
5574495
5574089
5570913
5570727
5570517
5569085
5579897
5567843
5565923
5563668
5570013
5566651
5570653
5577385
5571500
5565701
5564921
5578927
5566762
5565405
5564027
5576841
5576656
5576503
5575675
5575642
5575273
5574403
5574161
5573866
5573858
5573545
5573461
5572832
5572378
5572199
5571010
5570968
5568150
5579820
5565854
5564548
5579798
5577897
5580173
5574980
5572813
5571273
5567491
5567469
5577326
5575828
5566684
5572735
5573974
5576653
5569857
5569510
5566975
5576214
5567848
5566654
5578368
5571564