6206
92609
2547
142940
9894
5573
3190
9445
3712
7137
11273
738
6238
55854
79016
5706
10992
5093
58472
4110
3162
6780
8971
6632
3010
11224
51144
55505
3921
5250
116540
4864
9675
7157
6830
56997
58525
51366
6229
3320
65003
5917
9255
1936
51649
8471
5495
22907
4430
1642
10423
1655
10575
84661
3183
23154
3184
9733
55234
51566
8666
3182
64151
203068
23197
6129
81887
2597
5702
7284
84629
8568
26580
10940
85450
6165
135112
1465
54971
3848
9584
10480
5718
7109
79874
3728
51081
6168
7818
8636
23254
28969
10273
11051
57509
224
6520
1857
4507
84188
7448
72
6233
192666
54940
5518
23560
90488
10488
4223
5033
84342
9240
140886
1047
54474
10262
6210
23392
26986
10558
6711
27125
8888
10956
6144
5034
5825
27342
476
90987
6167
6164
4173
1969
8661
11052
28957
831
8653
23165
6277
4673
5214
6428
5705
11100
56926
8668
2332
26354
60
6181
55720
51116
23272
7266
6139
23633
6629
4131
54495
6788
55037
84656
27316
4841
7385
51562
51154
27183
10576
10016
29781
2885
5701
3326
829
7534
23521
6202
55133
6627
51538
6390
523
11190
144455
6133
11160
55750
3945
6950
84970
25822
521
388697
1975
10952
10890
3185
6222
81570
23266
6169
5709
160428
22827
3024
54927
56945
6154
3980
3608
3312
54504
821
6651
51747
63931
7203
57488
23
11261
29093
90806
9184
6431
71
3187
5297
51073
1678
23344
6128
4176
539
84321
5711
9524
998
10051
10238
7167
23196
6576
8655
5695
3735
5478
23020
6142
55795
23367
5315
28976
6801
100652748
8872
51602
200845
4976
3329
163
1373
121504
11018
55626
10146
6235
10749
7295
79803
160
11198
10067
11047
80201
64949
8890
26292
8664
23341
54814
6745
4637
22954
6434
26608
9118
3017
3098
3020
4141
6217
55207
56269
22820
391
1965
871
9276
3189
57805
54039
11338
6223
27248
11135
55015
1891
5351
10399
8087
2771
293
7709
675
55149
10381
51520
10189
6175
3843
54557
10469
163590
23450
9908
833
64393
832
22894
27037
2821
83743
10691
3703
57568
6143
3181
55660
4686
5901
57414
54715
51642
5710
5162
10694
3675
84131
10856
3832
10664
7037
10755
9529
3912
3646
100526737
1933
25902
6122
6218
28973
2316
3861
10087
1937
11331
3030
10527
6136
23644
1653
6204
689
2975
8548
3315
3654
23646
8575
4691
79869
4809
6152
4705
3192
10211
54892
1315
23473
5515
81542
6429
6201
7529
2182
51637
79084
25814
2686
8338
5692
8455
813
6636
6132
9532
10383
81550
79888
6135
5052
1984
2181
6599
4513
84128
51614
122553
25871
8891
64968
55920
166378
988
29896
9861
64960
5931
2584
29894
4670
2539
55922
6224
10574
8729
8318
1737
3032
5216
10049
6184
6208
5318
23012
10971
9685
488
51035
116150
102724594
6732
84259
5499
79751
23463
25939
29107
10401
191
57658
4697
10155
55291
5690
22985
145282
54535
6158
23770
3615
5094
84617
10213
7150
10808
1977
51194
117159
8886
8878
55700
2934
9688
5955
5635
6449
26953
3191
1665
9967
55130
54788
6187
8021
9500
2023
723790
90268
57129
3856
6161
1213
9521
23214
6772
10419
23597
6130
2874
2058
26995
2618
3840
144097
7153
11215
2673
58
124245
55352
5700
55622
79026
1994
51497
10286
23528
2171
1981
80125
8473
7453
253143
23211
22803
6137
7317
7532
3301
4172
9790
149041
51386
5290
50807
6209
4676
10644
23279
1108
7520
79813
6596
1717
23423
23787
3857
10730
4904
4000
23524
58477
6895
2318
5436
11168
55226
29097
55342
6155
6426
5591
10424
25994
84674
100528062
5708
9045
9330
10521
3838
170506
292
55215
10440
222484
284119
3106
10240
5439
9343
3858
5213
1207
79711
29078
5296
1508
8893
4522
23640
1660
220988
23193
9898
7813
3837
7430
1200
9868
6147
6227
5393
10915
70
4436
57132
347902
55763
4343
55379
54801
51065
4641
3688
54534
3006
50809
1856
10075
26353
23394
79577
4351
6635
57085
54915
6203
1915
6134
598
85329
4134
11187
6141
9877
5111
93436
54502
515
64761
2677
375
65008
116173
9775
5694
59345
5095
11319
131474
29796
26993
29088
192111
51337
84930
2177
6125
22938
10456
11188
4478
6281
84991
9261
10911
5868
10921
308
23347
11329
9588
7171
374291
51062
6513
1072
4282
146050
79039
6194
3983
23357
6427
291
79832
27111
6191
302
3008
1832
25980
84248
3609
7174
4928
826
149986
10987
92140
57547
6923
9168
22980
84181
9238
84085
9208
255488
10226
6146
10270
3336
11180
79180
6626
8329
5985
51170
55813
8508
6938
5018
3005
114791
64975
8602
8079
57016
6160
23451
10959
11218
5869
1500
7791
5757
83732
6189
10314
7249
51606
5217
51752
54600
6173
3096
79763
169714
6709
10908
10147
23397
4831
53371
3836
54953
6633
7127
2782
54960
5939
3305
5902
1973
55027
113174
51493
9416
2773
5394
23376
705
60488
10382
1736
6232
7185
93323
22824
6156
5687
1828
1938
25940
57003
22948
10130
8815
7919
493869
7184
64969
9991
2670
51371
6829
5528
6597
1639
2107
81631
79571
2091
64963
6188
4666
10621
57584
377
54442
3716
57122
55596
22916
6748
10541
216
498
161725
5954
8662
219
1479
6192
440026
6205
7535
7431
873
3308
6637
3831
7112
6733
119559
6747
10728
8570
6157
11113
9517
8813
2132
65993
3178
6138
10657
23332
9391
1175
4839
2521
83987
4171
55738
10452
81890
10994
29789
8607
6193
23350
7267
10197
51574
57683
5683
9055
25873
509
140890
4001
319101
1468
9919
5358
10482
2317
60496
5496
64210
51639
23178
8540
11171
126003
51150
9918
26121
6207
9817
1488
10949
6182
6230
4905
23176
51449
4502
6228
79573
3849
55697
6124
9774
4105
6048
90809
708
51726
4684
9945
8531
5719
11030
81608
5245
7024
253260
2194
326624
51361
5036
84858
857
9987
9883
51264
6421
221092
6231
57619
9801
5445
3300
9550
100996939
8503
123096
56987
51495
22868
6943
54465
5601
3107
51808
1656
1191
6389
9114
801
908
51441
80328
84273
5566
7536
226
64895
7625
3309
7169
4869
84126
10972
81532
2733
5430
9536
1808
5631
1069
9704
1399
27067
6631
23567
79109
25929
7175
57510
10916
2475
6185
645811
22931
23243
6319
26227
10434
5092
4728
9444
8331
6621
6628
84274
87
11169
55746
55757
6737
3376
1778
27292
10298
143684
8683
7533
5717
5356
2010
55198
8660
8480
27339
3852
9545
10523
3070
10651
23076
55346
57187
30000
81876
56052
10939
64978
10844
8520
8504
11321
8939
55871
10594
5859
3009
4931
4174
56943
6726
6176
22978
6278
9600
9531
80321
346562
5636
9866
6634
730
7082
80267
653583
8665
2314
10935
100534599
57515
7390
1060
6388
51491
5976
8241
55210
5688
6432
5230
55832
6734
3015
5500
2079
10989
79990
23517
26135
64786
9520
151903
2159
50804
23029
51663
64965
2189
25831
3798
10898
80303
284439
7094
23499
8518
29914
800
79441
144501
10632
84284
23435
9512
10827
6093
10190
5295
2762
79698
1374
51148
10643
5537
3241
84790
54920
161
10951
9221
4720
23185
5984
811
7425
259266
55751
3956
6601
64121
345651
1659
81627
9735
378
64434
23042
3841
288
7407
10969
10236
5223
100287932
3842
9320
10421
54509
9590
55102
51247
27288
1786
56257
55768
5432
1615
6166
51079
220963
11091
92610
10693
8451
5110
23405
9928
8407
6525
5725
29766
2175
6867
8340
5982
337867
1410
9319
4288
9329
23511
5682
83658
3146
56829
26038
84896
22870
63875
9111
8970
9782
57674
5935
64946
10963
9698
9513
5981
114879
90480
57418
8106
23780
23326
5824
92747
6892
6891
9922
3069
84245
29927
10999
10962
64750
7465
57456
10294
9295
54914
3099
5686
506
1431
89122
26528
79050
51692
10970
5611
23142
10055
9349
55243
4154
9354
23133
29957
10630
6738
6741
23107
5704
9738
10726
9689
64216
8443
51650
10056
51552
7216
55421
80232
1967
85440
7095
54499
51631
5928
80724
326625
23307
9879
10269
283518
23171
5936
1993
10249
142
9601
9183
7186
3800
22913
23195
3839
213
80097
340371
9551
10466
7750
284403
113146
54658
472
4144
9318
5861
80823
1209
1537
81328
163351
55345
57511
10714
159195
55915
2956
444
5304
83443
684
1041
7168
81704
27095
2074
286451
372
1066
26289
6619
10658
9217
4191
64283
8487
6399
7046
10250
6510
57662
57727
3159
94081
8175
5983
1503
8884
5209
9126
5520
25932
9188
286077
9761
5426
26521
11230
9530
10772
2734
10919
10980
26958
342574
2803
60561
26156
10492
6566
51138
8663
92558
23328
114823
23586
115727
3306
9690
25777
10168
51160
2197
5339
60485
7155
54732
54863
23468
80778
27161
3066
79643
2787
8644
56902
7871
9786
3303
1650
3954
5211
124995
6282
28998
369
6727
4082
10845
23039
6159
6789
64083
79649
103
55681
9093
375748
975
79866
54059
1627
285527
4076
374768
23212
11235
7840
5685
8402
4736
9053
4628
11335
27340
140801
9958
26073
5832
23510
1107
22847
10319
10656
85363
6625
5291
4627
6836
83481
5720
1020
9209
140807
11340
144983
343069
7965
25824
3295
7415
22795
1912
29068
64149
51203
7170
9667
5575
6430
1783
54754
65080
1917
5713
79596
1785
23041
11137
6827
8723
6400
5836
4893
26097
51651
55262
1759
83878
3959
23354
654463
10082
63892
65108
5208
55355
84146
3281
59343
7917
26024
7913
285636
5437
6272
10985
10592
4733
22984
158219
55766
3039
146849
65123
4130
9150
5906
64175
160518
6924
23102
8243
11146
22796
6386
10160
55785
7916
83706
5165
5878
10498
54460
115106
1477
57698
84883
1654
10376
3667
9669
7277
6150
2266
257397
79760
26610
740
375449
5707
23527
1355
10569
51121
309
8761
10548
56124
54808
5714
10981
84946
80143
57104
54606
7514
23753
51806
6500
23019
8727
2193
51024
65110
113251
5130
7846
55004
81892
622
93343
10564
10113
10514
115703
2746
479
6234
23543
11001
790
34
79709
29090
79861
154091
55704
51647
64783
5516
5411
2923
10614
136332
5721
10929
9972
3065
1996
10884
8220
30851
7841
117144
6845
10121
128272
7025
353355
24148
5813
5894
54948
2017
5378
23513
4085
23352
84263
23607
10212
112479
57617
2312
1211
8349
60673
1478
374407
5879
54815
10313
441531
79169
285335
5433
118980
2706
7280
7706
2519
1173
10857
217
54919
51428
126961
2617
9859
29966
1456
8826
83548
153364
57696
25983
381
8467
23244
10139
85302
10245
9131
5198
10471
23234
6675
10409
54982
55173
79691
3028
3855
55161
55288
7327
7922
7412
3491
91408
23708
374864
7251
54431
5872
57826
29956
7508
55692
3418
56655
10061
57505
22890
255043
65005
440193
83657
7384
26505
285855
6714
9791
124454
9793
84376
10500
2495
2873
9939
4292
57521
140735
3875
5910
4143
2483
2778
56889
79048
7329
10450
85235
3916
26090
8140
552900
1825
84269
7531
221927
8533
8239
54148
23310
79833
148423
550
4074
8894
57038
125988
8880
3177
9657
60494
3476
85379
9875
3799
7371
55160
63933
140465
10497
4942
26168
54997
10390
51593
1956
81
10927
8892
374355
51023
57585
23503
9785
56652
10642
1362
5932
6293
9044
64170
5519
10165
8334
5431
9554
84231
6767
9147
9736
4677
51763
9670
4035
2752
375341
11078
5134
2784
6731
51635
89796
23385
23265
56886
1314
8621
79568
10528
3880
5817
3007
771
47
113026
79731
2665
3012
6749
23063
56993
22800
55131
80020
4738
5441
4221
29072
55218
7114
54876
51503
5634
1198
83858
27128
830
64770
1312
51202
91949
83759
3550
51535
2783
2926
153129
10598
26284
55790
55132
3239
477
84455
9841
10553
57647
136319
22794
4722
26589
6271
54888
5286
23657
222194
10059
10540
10284
6279
535
64928
6856
10902
5360
84135
27154
28958
23636
3886
7298
23635
79872
22999
55735
51362
10347
148223
7414
1487
23654
155038
51399
5434
6477
55669
64423
23225
10093
8766
8667
219927
682
89941
10128
254531
6645
8553
5527
16
27336
1739
7779
83696
26173
84833
7417
5610
9040
10036
5606
3313
8879
170575
55246
81539
5689
9814
9236
1434
10131
10615
25920
26509
200916
6949
114971
10573
3043
79784
266740
6904
11014
23246
5691
84803
3151
4774
8148
5202
10491
79934
152185
6926
255520
80305
10960
23163
1968
8539
3105
85364
4354
414061
55972
10565
80273
1353
23277
3482
9181
219738
84305
2289
8086
5538
58517
8450
54578
23358
85444
51105
80146
10413
89797
6311
55770
3958
2108
79590
84168
3310
9180
3396
4744
23066
667
283489
6237
8411
147841
374654
253782
50628
23362
11222
81603
81037
114294
54433
22872
4291
127707
3163
1244
2820
64432
5715
1829
56648
1852
102724560
26155
54901
5770
3949
79065
84632
90933
1153
9382
10476
11034
1743
2664
54994
5532
4702
53407
6507
5693
1859
9328
55914
55204
9961
5834
55621
23580
400
349667
55661
3692
5479
51199
10542
10923
404734
9581
167691
10101
25984
8854
1731
51021
51056
11149
115362
54884
54877
55510
84844
7711
79633
57082
8350
7416
58493
9123
55890
53918
114900
56342
51001
728568
9926
81502
478
9026
26574
6672
84726
55705
9219
55183
56910
84545
25999
3188
1718
83985
4116
9931
85459
2896
5293
5644
51253
8774
823
6280
4121
55127
7374
8985
55567
8914
285440
143
9882
7388
7314
403341
26040
10605
2040
4508
11130
80210
5224
88
4175
1267
2553
11140
53981
2717
161424
54947
4125
50813
54552
6880
51560
6418
60684
1591
5501
6455
57453
79077
1535
30846
10526
60493
1889
4580
84295
167681
79720
8125
1983
140885
64395
4604
51106
7001
301
27335
79671
11260
83752
2224
55112
27044
5937
810
5464
5442
3071
55229
79002
3337
9897
8266
55157
664
10606
8496
6396
79001
983
58490
38
57019
221613
114790
25839
514
490
83447
51143
3939
9230
93621
341676
132299
8828
51373
128486
51479
23608
23037
57062
5830
54344
55466
22995
1509
149371
92815
3419
2683
26229
130951
9533
221154
30968
489
6320
5189
55178
55055
976
8453
63893
55973
64328
9361
2319
57448
405
23363
231
5042
9997
8672
55858
23595
152
1662
25816
23191
54517
25953
9639
89927
6273
6294
8799
287
10097
10487
1499
676
10015
9100
143244
9367
54734
2969
64976
57136
54439
8834
55559
7358
6894
487
4267
55627
23598
9129
2868
6015
57222
5887
6606
5589
23788
262
57650
128308
84624
22806
3927
196441
79819
113115
55898
55269
26015
51232
84365
23534
50814
8697
10920
7411
79922
9377
129285
81567
55193
55339
6249
51377
11231
79707
79902
5195
153643
79734
7597
64943
1495
3613
23471
448834
51807
9474
56888
85417
9403
27089
117177
4331
3693
51134
23172
4218
64850
178
6878
25778
9820
51069
8099
7555
29
10910
85456
10142
1104
65095
2639
51067
57532
25813
4853
1284
445
4704
84895
57508
317772
84229
158880
6541
4135
10627
3854
9692
55326
1152
51316
90550
55020
545
57169
5001
7343
6811
51184
7812
23007
10426
11316
10539
26046
6792
9730
5054
79029
6275
6742
85476
2530
513
79724
6059
3052
3930
23305
4698
29889
79706
4899
11080
351
9139
54902
5962
9063
55717
10625
7798
55240
55651
192286
25979
57610
23025
51009
56953
8604
64318
3013
824
1666
57142
11103
57120
203547
55847
64225
124540
712
29105
90580
5337
340351
23203
28952
483
6484
23741
9910
90417
65265
1398
84061
158
9802
9254
51300
60681
85441
1455
581
29099
85313
26092
23480
128239
84938
3998
2903
80019
26232
3054
9867
11253
64746
5438
972
51603
6522
64374
7161
1266
746
5814
7405
54970
23167
79143
123
115098
158248
54973
59
57096
7073
7205
60626
23731
57614
6710
10111
54764
8427
10125
26095
10465
64708
80349
10134
3992
10360
678
26064
118881
4678
10629
79745
7248
522
60386
7273
10906
282308
403580
403435
403612
389170
29890
10762
11269
55308
54830
5905
4779
7767
55748
54865
56922
29901
54954
100526740
8339
7052
1728
415
8732
25923
165530
441476
285148
54536
64780