9555
4926
7417
1654
3015
5116
153241
53826
8467
11198
5955
10528
10313
8815
7153
23788
282809
10951
7419
23560
55506
7416
9702
55755
23468
6294
8345
3009
9857
11230
55706
4288
7157
4170
91543
84305
3055
2316
6872
5591
1315
3320
2885
3836
3842
2335
10848
335
60
5216
23435
2512
1915
3688
8470
2597
10527
65125
6222
8697
121504
87
3309
7514
2801
664
80254
1653
9321
10952
9218
3913
23770
338
821
23471
26009
171024
92815
9659
10241
10075
10130
10174
10197
10376
10383
10403
10514
10516
10575
10657
10806
10857
10869
10956
10971
10992
11218
1213
1318
143
144983
1460
154796
2023
203068
2199
2202
23102
23345
2495
2534
25814
25827
274
2783
2874
28969
29072
292
29979
3013
3097
3164
3178
3181
3187
3188
3189
3190
3234
3313
3326
3329
3608
3683
3725
373
3837
3930
3932
4001
4067
4301
4673
4676
47
476
51061
5111
51144
51493
51495
51637
5265
53347
5355
5359
5479
55072
55233
55766
5598
5687
5688
5698
57510
5825
5901
5902
5987
6048
6155
6159
6168
6305
64750
64754
6477
6510
6520
6606
6774
708
7266
7280
7284
7431
7450
7905
80308
813
81502
81858
829
8331
8334
3012
723790
8338
8425
85235
8329
9217
9238
92597
9353
9459
9462
9500
967
285331
9743
375790
1463
353513
9538
10295
9726
23243
8312
10424
3911
8653
26227
7041
10542
10817
922
10488
10226
27286
9404
6585
6586
1953
26024
4720
8468
10522
7204
9140
22995
9256
8723
9204
30008
1209
10298
1528
4514
2147
2266
116844
5950
4538
6522
25086
4747
4741
2242
7057
1284
1537
2773
646817
2548
1737
730
4522
1152
1462
2670
4267
4811
5315
3543
3691
1674
5454
2618
54658
54657
2192
2731
6916
563
1937
2040
405
3732
5199
2896
1490
3301
2634
968
5743
2200
88
23636
2109
604
6658
10209
5297
4851
1964
23647
27236
6566
13830
2013
5316
9564
55161
5869
567
7114
57817
7110
6142
4924
95
1060
517
334
2267
2289
7159
22795
2274
9961
9758
10682
10654
5446
9135
9804
2220
597
4778
7368
64423
374654
54856
55704
348807
84656
79987
132299
25894
55827
57223
340533
55362
84033
54906
84975
60561
80185
84970
64793
63979
23253
196410
79567
121457
84467
23177
79656
55679
1954
374395
8106
8861
83861
347730
93664
57862
91404
54919
23673
165
55719
171023
79586
152185
6293
64283
9853
84186
200185
83878
222389
283899
9039
54535
9821
79710
55125
85302
8193
4745
5799
57333
286451
84498
113174
9093
63827
91283
10611
84456
133619
85440
9444
79048
4753
5833
50859
60528
57175
84445
2519
11190
79073
5936
51593
2177
85444
79641
54583
80011
22803
11078
23051
55249
79812
54934
22877
27101
64098
51643
10418
57670
56949
1952
57120
79868
50640
56851
56478
9463
56893
9454
55337
55215
55145
55646
54826
23166
27173
154467
26064
151011
440193
57579
57576
6238
100130086
8409
10933
7750
11231
51162
29952
29950
8618
4674
10916
6747
23265
3714
80342
9605
117178
22890
23528
51075
25776
93621
10319
581
113927
3654
30835
5034
6748
752
5091
6256
57611
55342
4615
64231
10332
4055
3312
6772
71670
2033
6908
7528
207
5610
3551
8717
8772
55737
22926
1655
6383
5371
7531
4057
51552
3856
1508
7186
1387
7161
10419
10598
10847
23405
3276
4088
4691
4869
4938
52
5204
5524
5692
5696
57506
5894
6714
6741
7132
79026
79711
8021
811
841
983
3671
5170
3717
653808
9526
10613
10539
4513
183
4537
7448
1571
3875
4256
5345
3880
4070
3133
5868
3716
355
1381
3385
7046
1026
1445
5291
819
2931
55769
6300
4731
6632
5307
1021
5465
6482
2549
23157
1974
6882
7247
5586
64430
374977
6424
148022
949
10397
128637
91703
116985
259307
51773
1388
65991
79080
3431
54942
9451
29110
27141
5202
54363
58155
102157402
51661
10864
16818
11200
9337
7097
2244
3843
710
340061
5478
10409
10537
10589
11091
11333
1173
1459
1994
2017
293
302
3148
3336
345651
3925
4082
4282
472
5052
5250
5423
5685
5710
6128
6129
6146
6613
7013
7167
7295
8471
8683
9733
975
9166
1780
9086
6790
2182
22826
28955
7268
2353
3265
348
336
3426
5757
6728
4133
6480
4599
1072
280846
21937
5468
22030
900
51274
84337
25906
2257
6147
6234
6156
1962
7866
6430
9641
9324
8187
7867
27338
55421
441525
65123
55693
83607
83940
79739
10244
222171
8550
25901
285172
79745
121053
10943
169693
51633
147841
196472
414918
57696
85417
10635
79571
54765
11092
116832
163778
7443
79169
57035
51550
78996
152007
64848
65265
64768
64097
22918
55633
51179
57606
51406
5303
51372
51491
50810
26155
28227
27445
13350
13666
1499
5245
7018
10788
3895
7917
6194
6500
7251
1457
667
6709
79784
10919
7184
3075
9318
5289
27332
1642
8678
3273
9482
9789
57062
57182
2153
10605
22931
7402
10051
10067
10133
10198
10284
103
10476
10970
10989
11273
11331
1452
1656
1660
1678
1718
1820
2091
2194
22985
23193
23367
26273
27248
2923
3005
3030
3192
3998
488
4904
506
50628
5071
51366
51386
51726
5347
539
54815
54982
5520
55210
55705
55768
56886
5708
5711
57380
57805
5859
6154
6187
6188
6202
6203
6208
6218
63893
6742
6780
6836
6950
71
7112
7203
7841
7846
79188
79760
80777
81567
83858
8533
8607
871
908
9255
9295
9349
9601
348262
8635
8943
7748
10423
8795
487
9183
283459
8813
10651
27242
23077
8694
9678
9991
4508
718
727
4893
350
259
174
3156
6185
481
3053
5627
308
720
291
2027
5447
6192
6342
2264
7051
2653
6206
4485
5295
5686
6317
10961
1743
7048
2677
1650
400
36
5714
6318
58517
2628
4059
2584
5023
858
224
3295
6576
1314
4547
8568
7327
5906
6229
23478
7171
1982
4925
8241
27032
3157
8402
8100
6018
740
6093
3882
8243
22796
9820
7871
5108
7291
4296
23274
143884
9687
343702
139285
100129271
64862
29957
93436
116519
84263
51608
9653
84844
51218
23089
55109
60558
474354
79576
153443
166012
79888
55180
9382
23385
9777
9926
10443
10658
23762
196383
136227
55379
124540
64978
8939
84321
83548
63916
54495
84342
113235
23152
94005
10730
55871
84293
91289
57418
55223
27198
23348
55717
51009
81027
26003
79751
6934
56681
60496
22908
55304
55207
29093
54606
50618
29088
53407
1717
553115
11080
29118
5721
54499
6687
51729
51021
51023
57826
10939
58477
57231
28972
51142
10644
18746
20662
56011
8476
246730
19192
7529
6880
128312
5566
5619
4155
23085
7337
273
4092
57154
493869
7188
4773
23607
5684
128866
223
4087
55294
10616
8605
6252
3303
64852
101843997
101835018
101828013
7534
66002
316
345
10519
3429
56945
1558
6502
25902
290
3699
6390
8349
3105
6050
3183
3185
5093
3184